2.037893789999999967e+02	4.103867000000000331e+01	6.588200000000000000e+04	2.196066667000000083e-01	8.002975323497770432e+02
2.038797869999999932e+02	4.100439099999999826e+01	6.599400000000000000e+04	2.199800000000000089e-01	5.722986404722831821e+02
2.038273869999999874e+02	4.105627100000000240e+01	6.626400000000000000e+04	2.208799999999999930e-01	7.607160496443890452e+02
2.038242960000000039e+02	4.097198099999999954e+01	6.637000000000000000e+04	2.212333333000000013e-01	3.936403925640137231e+02
2.038343370000000050e+02	4.101386999999999716e+01	6.657300000000000000e+04	2.219099999999999961e-01	1.933943169027747331e+02
2.037433169999999905e+02	4.110211900000000185e+01	6.677300000000000000e+04	2.225766667000000087e-01	1.811808493448563695e+03
2.038238249999999994e+02	4.112643800000000027e+01	6.683100000000000000e+04	2.227699999999999958e-01	1.686657901146169479e+03
2.036686119999999960e+02	4.099605900000000247e+01	6.686900000000000000e+04	2.228966666999999957e-01	2.187308325721334768e+03
2.037448750000000075e+02	4.104425100000000270e+01	6.710000000000000000e+04	2.236666666999999886e-01	1.326758183540210894e+03
2.038916169999999966e+02	4.101776900000000126e+01	6.714100000000000000e+04	2.238033332999999903e-01	7.617892007919059552e+02
2.037905079999999884e+02	4.101762000000000086e+01	6.716700000000000000e+04	2.238900000000000057e-01	6.422897630055857690e+02
2.038207749999999976e+02	4.100986900000000190e+01	6.718800000000000000e+04	2.239599999999999924e-01	2.444344165640615358e+02
2.039281499999999880e+02	4.099523899999999799e+01	6.722200000000000000e+04	2.240733333000000105e-01	1.201195965213318004e+03
2.038663540000000012e+02	4.103773100000000085e+01	6.731100000000000000e+04	2.243700000000000139e-01	6.410126680139658220e+02
2.036936619999999891e+02	4.098838099999999685e+01	6.744600000000000000e+04	2.248199999999999921e-01	1.866752136263978855e+03
2.038198040000000049e+02	4.099684899999999743e+01	6.746900000000000000e+04	2.248966666999999975e-01	2.164788016796931345e+02
2.037142169999999908e+02	4.106346899999999778e+01	6.759700000000000000e+04	2.253233333000000116e-01	1.794626670580546715e+03
2.037179959999999994e+02	4.101214999999999833e+01	6.765000000000000000e+04	2.255000000000000060e-01	1.549711454204450320e+03
2.039997329999999920e+02	4.097486099999999709e+01	6.768300000000000000e+04	2.256100000000000050e-01	2.161723748093943868e+03
2.037623710000000017e+02	4.103205100000000272e+01	6.783800000000000000e+04	2.261266667000000063e-01	1.053187637572941412e+03
2.038187869999999862e+02	4.103562199999999649e+01	6.784600000000000000e+04	2.261533333000000090e-01	5.300634986031365088e+02
2.037533870000000036e+02	4.115103899999999726e+01	6.792300000000000000e+04	2.264100000000000001e-01	2.268587144724733207e+03
2.037901620000000094e+02	4.098812900000000070e+01	6.802800000000000000e+04	2.267599999999999894e-01	6.191454678352786232e+02
2.037141459999999995e+02	4.097935900000000231e+01	6.804100000000000000e+04	2.268033332999999929e-01	1.616463513802926173e+03
2.037959869999999967e+02	4.096643100000000004e+01	6.807200000000000000e+04	2.269066667000000093e-01	6.824334839445835996e+02
2.038953080000000000e+02	4.099399900000000230e+01	6.815500000000000000e+04	2.271833333000000121e-01	7.746820405799159062e+02
2.039061370000000011e+02	4.096699900000000127e+01	6.817700000000000000e+04	2.272566666999999985e-01	1.009534277506682429e+03
2.039649870000000078e+02	4.109651900000000069e+01	6.834300000000000000e+04	2.278100000000000125e-01	2.101956827568048084e+03
2.039951829999999973e+02	4.104332000000000136e+01	6.850100000000000000e+04	2.283366666999999961e-01	2.146183125677826411e+03
2.039040170000000103e+02	4.086579900000000265e+01	6.850600000000000000e+04	2.283533332999999887e-01	1.976896922925750914e+03
2.038751499999999908e+02	4.099319799999999958e+01	6.851900000000000000e+04	2.283966667000000006e-01	5.148434303266460574e+02
2.036827169999999967e+02	4.105197100000000177e+01	6.854200000000000000e+04	2.284733332999999977e-01	2.110704970445183335e+03
2.038828330000000051e+02	4.097784099999999796e+01	6.864900000000000000e+04	2.288300000000000056e-01	6.723694641019553728e+02
2.037190539999999999e+02	4.107643900000000059e+01	6.869400000000000000e+04	2.289799999999999891e-01	1.827443669906017476e+03
2.038235249999999894e+02	4.100928900000000255e+01	6.870900000000000000e+04	2.290300000000000114e-01	2.110677347111923439e+02
2.038995999999999924e+02	4.088925900000000269e+01	6.872200000000000000e+04	2.290733332999999872e-01	1.675998268447360715e+03
2.038844919999999945e+02	4.103146000000000271e+01	6.872700000000000000e+04	2.290899999999999881e-01	7.581221433621376491e+02
2.039537119999999959e+02	4.093577899999999659e+01	6.880700000000000000e+04	2.293566666999999892e-01	1.753964231736647889e+03
2.038547499999999957e+02	4.096567199999999787e+01	6.888900000000000000e+04	2.296300000000000008e-01	5.067741964719315888e+02
2.039447169999999971e+02	4.100669899999999757e+01	6.889600000000000000e+04	2.296533333000000121e-01	1.418188394422050806e+03
2.039180670000000077e+02	4.113534200000000141e+01	6.899900000000000000e+04	2.299966666999999909e-01	2.082581872088610453e+03
2.039058620000000133e+02	4.097838999999999743e+01	6.902600000000000000e+04	2.300866666999999977e-01	9.514520697827982758e+02
2.039496790000000033e+02	4.102040099999999967e+01	6.904200000000000000e+04	2.301400000000000112e-01	1.503778472184001885e+03
2.037874459999999885e+02	4.103573999999999700e+01	6.908400000000000000e+04	2.302800000000000125e-01	7.957394158963427344e+02
2.037291669999999897e+02	4.102185800000000171e+01	6.908700000000000000e+04	2.302899999999999947e-01	1.425086287668998693e+03
2.037468619999999930e+02	4.098176899999999989e+01	6.908700000000000000e+04	2.302899999999999947e-01	1.189966138033988500e+03
2.038761670000000095e+02	4.116082000000000107e+01	6.916600000000000000e+04	2.305533332999999963e-01	2.194023364479040538e+03
2.037953829999999869e+02	4.100086999999999904e+01	6.920900000000000000e+04	2.306966666999999971e-01	5.328158783982250952e+02
2.039673919999999896e+02	4.101429000000000258e+01	6.921200000000000000e+04	2.307066667000000071e-01	1.720759961255724420e+03
2.039564039999999920e+02	4.093957100000000082e+01	6.925800000000000000e+04	2.308600000000000096e-01	1.761677908478633071e+03
2.037072080000000085e+02	4.096181099999999731e+01	6.926800000000000000e+04	2.308933333000000032e-01	1.758837698732293120e+03
2.038440960000000075e+02	4.098640799999999729e+01	6.926800000000000000e+04	2.308933333000000032e-01	1.996528867195649752e+02
2.039249460000000056e+02	4.112890999999999764e+01	6.927900000000000000e+04	2.309299999999999964e-01	2.057985381996214528e+03
2.039738830000000007e+02	4.100180100000000039e+01	6.929100000000000000e+04	2.309700000000000086e-01	1.796126935095907129e+03
2.039867460000000108e+02	4.104901900000000126e+01	6.936400000000000000e+04	2.312133332999999902e-01	2.062532437768440559e+03
2.037916669999999897e+02	4.098984899999999953e+01	6.938100000000000000e+04	2.312700000000000033e-01	5.948037427505249752e+02
2.038383169999999893e+02	4.095397200000000026e+01	6.939800000000000000e+04	2.313266666999999888e-01	6.001477286856598994e+02
2.038648080000000107e+02	4.102777900000000244e+01	6.940900000000000000e+04	2.313633333000000014e-01	5.288873536507517201e+02
2.039217580000000112e+02	4.105402000000000129e+01	6.945600000000000000e+04	2.315200000000000036e-01	1.324947939006791330e+03
2.039558749999999918e+02	4.095383100000000098e+01	6.947200000000000000e+04	2.315733332999999894e-01	1.677882393235011250e+03
2.037561330000000055e+02	4.101509899999999931e+01	6.950800000000000000e+04	2.316933332999999984e-01	1.063747650596011454e+03
2.038407039999999881e+02	4.102616100000000188e+01	6.951700000000000000e+04	2.317233333000000006e-01	3.590717071020179674e+02
2.037716670000000079e+02	4.094812000000000296e+01	6.954700000000000000e+04	2.318233332999999896e-01	1.082625109405464173e+03
2.036864250000000141e+02	4.093587899999999991e+01	6.956100000000000000e+04	2.318699999999999928e-01	2.134180364480164371e+03
2.037122999999999990e+02	4.099116899999999930e+01	6.956600000000000000e+04	2.318866666999999937e-01	1.621031013897786806e+03
2.037817960000000141e+02	4.104612000000000194e+01	6.957200000000000000e+04	2.319066667000000137e-01	9.388725929294754451e+02
2.038960669999999880e+02	4.098922000000000310e+01	6.957500000000000000e+04	2.319166666999999959e-01	7.930176674183564955e+02
2.038146120000000110e+02	4.097425799999999896e+01	6.959800000000000000e+04	2.319933332999999931e-01	4.353242736106868733e+02
2.038527789999999982e+02	4.102394100000000066e+01	6.962100000000000000e+04	2.320699999999999985e-01	3.900808813647706188e+02
2.038986120000000142e+02	4.092641799999999819e+01	6.972100000000000000e+04	2.324033332999999868e-01	1.264105213903138747e+03
2.039023290000000088e+02	4.103464100000000059e+01	6.976800000000000000e+04	2.325599999999999890e-01	9.783668382925719698e+02
2.039520420000000058e+02	4.092454099999999784e+01	6.978500000000000000e+04	2.326166667000000021e-01	1.812140684005843013e+03
2.038201919999999916e+02	4.114430999999999727e+01	6.982400000000000000e+04	2.327466666999999934e-01	1.926248627689464456e+03
2.038996830000000102e+02	4.101042199999999838e+01	6.985000000000000000e+04	2.328333333000000005e-01	8.402859700953982838e+02
2.039603960000000029e+02	4.107701899999999995e+01	6.986800000000000000e+04	2.328933333000000050e-01	1.907960550925204188e+03
2.039723250000000121e+02	4.098790000000000333e+01	6.987100000000000000e+04	2.329033332999999872e-01	1.783877618551616933e+03
2.038468249999999955e+02	4.105326099999999911e+01	6.988300000000000000e+04	2.329433332999999995e-01	7.255335383124165674e+02
2.039835419999999999e+02	4.098109099999999927e+01	6.994000000000000000e+04	2.331333332999999952e-01	1.939951338151632399e+03
2.038417750000000126e+02	4.096451199999999915e+01	6.994300000000000000e+04	2.331433333000000052e-01	4.659939021276491644e+02
2.038393580000000043e+02	4.114952100000000002e+01	6.999800000000000000e+04	2.333266666999999905e-01	1.984499889661358338e+03
2.037031460000000038e+02	4.097589099999999718e+01	7.007000000000000000e+04	2.335666667000000085e-01	1.766303270969173582e+03
2.039392249999999933e+02	4.112258099999999672e+01	7.027300000000000000e+04	2.342433332999999951e-01	2.100612677859310224e+03
2.038796580000000063e+02	4.095642099999999886e+01	7.033700000000000000e+04	2.344566667000000104e-01	8.031875517613269722e+02
2.038685539999999889e+02	4.097719899999999882e+01	7.045700000000000000e+04	2.348566666999999941e-01	5.141968126766965952e+02
2.037441750000000127e+02	4.103779999999999717e+01	7.047400000000000000e+04	2.349133332999999990e-01	1.299939570696159990e+03
2.038707579999999950e+02	4.110374099999999942e+01	7.048800000000000000e+04	2.349600000000000022e-01	1.449631699212845888e+03
2.037469619999999964e+02	4.093576800000000304e+01	7.053600000000000000e+04	2.351199999999999957e-01	1.439776126138691779e+03
2.039812499999999886e+02	4.102463900000000052e+01	7.054500000000000000e+04	2.351499999999999979e-01	1.917589859057932927e+03
2.039356750000000034e+02	4.110216100000000239e+01	7.056700000000000000e+04	2.352233333000000037e-01	1.869662043390337658e+03
2.039143170000000111e+02	4.106975899999999768e+01	7.059100000000000000e+04	2.353033333000000005e-01	1.374981746883736378e+03
2.038387459999999862e+02	4.099123000000000161e+01	7.067600000000000000e+04	2.355866667000000025e-01	1.122867146307354886e+02
2.037767460000000028e+02	4.097308000000000305e+01	7.068100000000000000e+04	2.356033332999999952e-01	8.511479155298337673e+02
2.037772459999999910e+02	4.092708999999999975e+01	7.075800000000000000e+04	2.358599999999999863e-01	1.228311974103414286e+03
2.038207920000000115e+02	4.089046100000000195e+01	7.078300000000000000e+04	2.359433333000000022e-01	1.452778034565248390e+03
2.037754869999999983e+02	4.091352100000000291e+01	7.086700000000000000e+04	2.362233333000000046e-01	1.385740086773690791e+03
2.038686999999999898e+02	4.101662100000000066e+01	7.087000000000000000e+04	2.362333332999999869e-01	4.809774747220267841e+02
2.038594170000000076e+02	4.098572899999999919e+01	7.093000000000000000e+04	2.364333332999999926e-01	3.525811396178831387e+02
2.038961370000000102e+02	4.110546099999999825e+01	7.093500000000000000e+04	2.364499999999999935e-01	1.601329620448123478e+03
2.037999039999999979e+02	4.108041000000000054e+01	7.095700000000000000e+04	2.365233332999999993e-01	1.169548565473997996e+03
2.037875459999999919e+02	4.101369900000000257e+01	7.100100000000000000e+04	2.366699999999999915e-01	6.617370179203018097e+02
2.038004919999999913e+02	4.093127100000000240e+01	7.100700000000000000e+04	2.366900000000000115e-01	1.013915303006360318e+03
2.037130459999999914e+02	4.093469999999999942e+01	7.109400000000000000e+04	2.369799999999999962e-01	1.825924773299367416e+03
2.036987829999999917e+02	4.105046099999999853e+01	7.110700000000000000e+04	2.370233332999999998e-01	1.908076390042637968e+03
2.036812749999999994e+02	4.094306900000000127e+01	7.121000000000000000e+04	2.373666667000000063e-01	2.161091563319274883e+03
2.036937749999999880e+02	4.103649899999999917e+01	7.136000000000000000e+04	2.378666667000000068e-01	1.916019102439915287e+03
2.039361330000000123e+02	4.104323999999999728e+01	7.138000000000000000e+04	2.379333332999999939e-01	1.422299976157428318e+03
2.039386079999999879e+02	4.109024099999999891e+01	7.139700000000000000e+04	2.379900000000000071e-01	1.787772574866251489e+03
2.037414709999999900e+02	4.095844999999999914e+01	7.146800000000000000e+04	2.382266667000000060e-01	1.352183459773444838e+03
2.038175170000000094e+02	4.107857899999999773e+01	7.149300000000000000e+04	2.383099999999999941e-01	1.074393742559269640e+03
2.037126169999999945e+02	4.107334099999999921e+01	7.151300000000000000e+04	2.383766666999999895e-01	1.876028227237239889e+03
2.036855669999999918e+02	4.093737000000000137e+01	7.152900000000000000e+04	2.384300000000000030e-01	2.136737656301600055e+03
2.038065170000000137e+02	4.090964100000000059e+01	7.159800000000000000e+04	2.386600000000000110e-01	1.247569647323830850e+03
2.037687329999999974e+02	4.108240099999999728e+01	7.165400000000000000e+04	2.388466666999999877e-01	1.402386970489239729e+03
2.038555540000000121e+02	4.098025899999999666e+01	7.181400000000000000e+04	2.393800000000000094e-01	3.571371457829145015e+02
2.038474290000000053e+02	4.097703899999999777e+01	7.183100000000000000e+04	2.394366666999999949e-01	3.292555050660002962e+02
2.038030249999999910e+02	4.100699999999999790e+01	7.185500000000000000e+04	2.395166666999999916e-01	4.441922586217539788e+02
2.038448789999999917e+02	4.091299099999999811e+01	7.205900000000000000e+04	2.401966667000000055e-01	1.146616543366458018e+03
2.037865170000000035e+02	4.102088200000000029e+01	7.211100000000000000e+04	2.403700000000000003e-01	7.067902676950471914e+02
2.039080250000000092e+02	4.110022000000000020e+01	7.221600000000000000e+04	2.407199999999999895e-01	1.623888593949128335e+03
2.037834829999999897e+02	4.105413800000000180e+01	7.222700000000000000e+04	2.407566667000000105e-01	9.961866973375405223e+02
2.037386500000000069e+02	4.102413899999999813e+01	7.225800000000000000e+04	2.408599999999999908e-01	1.311532268075269712e+03
2.038133960000000116e+02	4.099416000000000082e+01	7.247200000000000000e+04	2.415733332999999983e-01	3.054159387044112464e+02
